703.736450      556.532776      16005.000000    0.093690        0.145699        0
27.665342       23.240751       315.000000      0.602739        0.019273        0
86.285492       41.161316       904.000000      0.243781        0.257371        0
40.696438       32.646595       431.000000      0.204085        0.408685        0
75.813515       59.201698       1498.000000     0.115046        0.358927        0
41.000000       39.000000       454.000000      0.102773        0.411532        0
39.944878       20.927462       302.000000      0.084740        0.423900        0
60.373837       42.038074       1352.000000     0.017035        0.163503        2
72.167145       64.050743       2545.000000     0.015071        0.180586        2
38.756180       25.478600       318.000000      0.060316        0.483079        0
737.388000      532.038452      19375.000000    0.157196        0.195391        0
52.601154       40.904667       893.000000      0.378412        0.047602        0
133.000000      38.000000       1934.000000     0.018029        0.037682        2
74.081169       58.706223       1749.000000     0.024665        0.102349        2
72.684349       26.791500       924.000000      0.009600        0.051798        2
35.599606       29.878242       454.000000      0.154474        0.618604        0
44.821873       22.332848       422.000000      0.062652        0.314792        0
94.726341       36.972271       1516.000000     0.013410        0.129445        2
80.000000       49.000000       1599.000000     0.005259        0.052216        2
49.368317       25.516212       497.000000      0.054207        0.434676        0
715.439026      533.437683      16918.000000    0.136126        0.201605        0
72.501213       54.349606       1205.000000     0.030266        0.026100        2
101.529907      39.892937       1644.000000     0.048312        0.112467        2
86.738289       14.880434       647.000000      0.234522        0.473963        0
63.957500       27.791281       886.000000      0.014279        0.076718        2
79.025497       55.195854       1922.000000     0.020858        0.149278        2
121.765717      37.245983       1884.000000     0.008981        0.070055        2
40.744968       18.414986       338.000000      0.068470        0.412302        0
28.144272       27.511818       319.000000      0.057972        0.406266        0
704.738037      552.151611      16746.000000    0.103504        0.145947        0
28.279919       26.047291       376.000000      0.485586        0.026967        0
38.460365       27.727242       369.000000      0.264164        0.264404        0
52.350456       38.647541       410.000000      0.169970        0.340346        0
63.933861       22.945587       968.000000      0.027768        0.154732        2
76.558334       40.724033       998.000000      0.076414        0.314907        2
54.943272       38.255104       757.000000      0.056137        0.299333        2
28.667711       23.719984       490.000000      0.015520        0.150630        2
145.344406      73.790245       3335.000000     0.014603        0.164471        2
57.131496       29.154732       1109.000000     0.010665        0.137941        2
47.094299       15.389363       387.000000      0.016444        0.197232        2
54.223038       28.968473       969.000000      0.006810        0.103137        2
78.246803       41.143677       1603.000000     0.007762        0.132451        2
722.355042      548.231323      16234.000000    0.107045        0.133539        0
70.382622       60.140709       2274.000000     0.126425        0.142236        2
62.022243       43.267014       1416.000000     0.063199        0.146818        2
52.744759       15.655514       338.000000      0.182759        0.365883        0
41.473591       11.884245       364.000000      0.051266        0.218636        2
164.911011      73.033684       3706.000000     0.035976        0.245008        2
57.957695       26.983173       1056.000000     0.028420        0.195972        2
40.964775       21.913469       546.000000      0.031693        0.291149        2
49.921074       30.879017       628.000000      0.063520        0.463008        0
49.326500       36.701263       638.000000      0.060039        0.487560        0
64.384567       15.084385       717.000000      0.020439        0.260754        2
700.565552      541.856445      16488.000000    0.116049        0.123098        0
88.529144       48.249176       1831.000000     0.091790        0.072973        2
40.583855       33.158184       951.000000      0.079011        0.148373        2
228.904816      25.979761       2808.000000     0.041311        0.143365        2
41.542458       33.773479       860.000000      0.019180        0.095865        2
720.000000      545.000000      20897.000000    0.195571        0.219927        1
33.583942       29.996803       474.000000      0.178539        0.017139        0
44.547726       26.162951       609.000000      0.180415        0.184897        0
38.958885       13.444344       301.000000      0.154083        0.308918        0
25.600004       20.800003       384.000000      0.011543        0.060607        2
40.843071       19.333706       374.000000      0.106308        0.426609        0
31.746874       16.228546       301.000000      0.026574        0.177356        2
22.188007       17.473057       308.000000      0.008332        0.074139        2
24.748737       22.627415       391.000000      0.005781        0.066298        2
45.845245       34.212872       691.000000      0.075633        0.607528        2
21.000000       17.000000       318.000000      0.006353        0.092473        2
37.534992       18.715509       326.000000      0.023865        0.316690        2
25.736849       18.489893       373.000000      0.004143        0.069628        2
237.599060      29.904537       3409.000000     0.003837        0.084599        2
64.953667       33.025955       1068.000000     0.004981        0.108091        2
37.073376       22.178471       437.000000      0.025421        0.424770        2
37.825226       32.317070       745.000000      0.008125        0.193842        2
123.547249      37.289898       1634.000000     0.007480        0.192780        2
803.000000      600.000000      15223.000000    0.050981        0.075132        0
123.514938      58.283394       2138.000000     0.317418        0.046929        1
270.360046      151.831543      6816.000000     0.214068        0.254148        1
82.957130       17.258219       596.000000      0.136044        0.273450        1
88.033638       58.374237       931.000000      0.075194        0.233933        1
802.999878      595.999878      16160.000000    0.078255        0.126850        0
117.982445      31.288517       898.000000      0.409389        0.091785        1
316.988220      167.401978      9911.000000     0.284499        0.318533        1
69.903732       21.465767       395.000000      0.144813        0.292546        1
112.294159      48.373119       900.000000      0.078198        0.236373        1
44.529541       28.085627       459.000000      0.070330        0.287382        1
45.778019       18.830080       346.000000      0.103124        0.518648        1
576.000000      428.000000      20568.000000    0.298797        0.292138        0
37.245953       19.977375       329.000000      0.440610        0.028532        0
65.760925       52.325897       964.000000      0.161329        0.163552        1
93.126602       52.550014       1657.000000     0.114855        0.235423        1
73.997299       35.417511       585.000000      0.109356        0.329752        1
82.372978       13.312806       384.000000      0.061264        0.245585        1
49.606720       24.803360       467.000000      0.106022        0.531701        1
723.000000      532.000000      16810.000000    0.095615        0.132646        0
69.111053       11.714912       420.000000      0.558086        0.057750        1
104.675888      40.912056       2008.000000     0.190815        0.201271        1
750.210388      532.015198      21884.000000    0.338680        0.274849        0
715.817932      538.862244      15492.000000    0.097733        0.127087        0
61.015640       16.324869       414.000000      0.540409        0.091389        0
174.355820      50.906406       1672.000000     0.256901        0.264348        1
27.907812       19.721521       324.000000      0.073473        0.149216        0
57.007427       32.826900       508.000000      0.145779        0.438683        1
154.027847      69.578354       2305.000000     0.120721        0.487288        1
106.354675      44.164772       1402.000000     0.081813        0.411961        1
35.275909       27.860554       474.000000      0.050207        0.303799        0
37.774429       14.095428       308.000000      0.057149        0.400548        0
31.504824       14.139959       361.000000      0.066277        0.531857        0
717.635681      573.848022      16823.000000    0.089847        0.127918        0
34.197521       16.007351       421.000000      0.433096        0.030962        0
174.488098      75.256927       1965.000000     0.233360        0.240959        1
28.991375       21.920311       342.000000      0.072239        0.146561        0
91.993431       22.398594       557.000000      0.086297        0.262099        1
46.604393       31.475733       473.000000      0.093821        0.376765        1
179.958740      48.656837       1644.000000     0.071049        0.359802        1
32.536053       17.543951       347.000000      0.030851        0.187921        0
41.624474       14.791553       321.000000      0.067093        0.473588        0
57.460945       18.520067       405.000000      0.053277        0.432635        0
749.000000      577.000000      15601.000000    0.069209        0.096807        0
89.489639       9.860501        424.000000      0.233167        0.022985        1
34.988979       25.338217       370.000000      0.152692        0.165865        1
63.853909       17.000507       434.000000      0.084832        0.170772        1
52.795135       29.474209       386.000000      0.080733        0.243035        1
183.740845      48.607063       2006.000000     0.068556        0.281195        1
783.670227      560.579468      15739.000000    0.076640        0.109637        0
154.856384      136.471603      5621.000000     0.614603        0.117276        1
50.592087       13.548389       399.000000      0.185552        0.189234        1
34.384621       17.230772       346.000000      0.191598        0.388108        1
32.873360       17.964947       380.000000      0.068566        0.208322        1
87.112259       23.824549       882.000000      0.074280        0.304339        1
159.317795      26.103754       2205.000000     0.056349        0.288461        1
215.376450      44.747726       2755.000000     0.047597        0.291715        1
90.236763       40.432632       1110.000000     0.038686        0.274333        1
38.384422       18.281761       313.000000      0.038007        0.304540        1
36.062447       25.455845       392.000000      0.029761        0.268827        0
791.999878      583.999878      14617.000000    0.076991        0.168248        0
48.777573       33.374130       577.000000      0.731471        0.035344        0
60.141411       24.025160       426.000000      0.282523        0.285122        0
38.060436       16.583843       308.000000      0.189445        0.382765        0
772.087158      606.509155      14839.000000    0.048670        0.077910        0
36.324329       22.870874       372.000000      0.563441        0.029998        0
792.139709      588.980530      18892.000000    0.165685        0.266430        0
68.586105       37.780483       751.000000      0.535072        0.102065        0
35.800438       35.226974       444.000000      0.316017        0.319579        0
119.204651      37.766804       1133.000000     0.254543        0.516021        0
45.773735       37.109039       454.000000      0.156794        0.471220        0
55.108738       24.747656       593.000000      0.082877        0.333209        0
787.721985      592.647400      18974.000000    0.133209        0.198377        0
82.613281       34.136047       772.000000      0.693264        0.116076        0
53.343590       25.887331       405.000000      0.336819        0.340931        0
53.122967       14.331347       373.000000      0.213724        0.436049        0
63.610065       39.426743       837.000000      0.127450        0.392325        0
53.572987       39.510525       674.000000      0.089529        0.367499        0
46.846035       15.741023       372.000000      0.066551        0.333863        0
35.457176       27.018513       388.000000      0.088124        0.529268        0
813.855042      574.963684      16265.000000    0.071683        0.117607        0
815.041626      578.168762      16436.000000    0.072250        0.122926        0
803.000000      573.000000      14595.000000    0.082973        0.162083        0
807.828430      575.708618      17590.000000    0.105389        0.167183        0
774.660034      593.389893      21126.000000    0.211108        0.303055        0
50.534077       20.364151       315.000000      0.993340        0.014255        0
51.147354       43.283619       867.000000      0.223464        0.250599        0
54.562035       31.455952       686.000000      0.192807        0.393246        0
799.121094      591.804321      24586.000000    0.188656        0.292564        0
80.327332       14.566400       411.000000      0.994275        0.011987        0
37.164913       20.246559       392.000000      0.481898        0.484080        0
48.000000       18.000000       409.000000      0.143692        0.288322        0
38.835403       38.238857       421.000000      0.111033        0.333887        0
42.059036       25.177807       361.000000      0.099836        0.400520        0
36.000000       28.000000       763.000000      0.161002        0.806318        0
767.776611      588.312805      12009.000000    0.027460        0.034412        0
770.244141      591.768616      17581.000000    0.097023        0.144678        0
73.205254       19.507006       823.000000      0.739237        0.065444        0
41.526348       18.305994       330.000000      0.324516        0.327406        0
73.184265       24.420155       807.000000      0.174138        0.354311        0
42.000000       14.000000       386.000000      0.044613        0.155112        0
