803.000000      600.000000      15223.000000    0.050981        0.075132        0
123.514938      58.283394       2138.000000     0.317418        0.046929        1
270.360046      151.831543      6816.000000     0.214068        0.254148        1
82.957130       17.258219       596.000000      0.136044        0.273450        1
88.033638       58.374237       931.000000      0.075194        0.233933        1
802.999878      595.999878      16160.000000    0.078255        0.126850        0
117.982445      31.288517       898.000000      0.409389        0.091785        1
316.988220      167.401978      9911.000000     0.284499        0.318533        1
69.903732       21.465767       395.000000      0.144813        0.292546        1
112.294159      48.373119       900.000000      0.078198        0.236373        1
44.529541       28.085627       459.000000      0.070330        0.287382        1
45.778019       18.830080       346.000000      0.103124        0.518648        1
576.000000      428.000000      20568.000000    0.298797        0.292138        0
37.245953       19.977375       329.000000      0.440610        0.028532        0
65.760925       52.325897       964.000000      0.161329        0.163552        1
93.126602       52.550014       1657.000000     0.114855        0.235423        1
73.997299       35.417511       585.000000      0.109356        0.329752        1
82.372978       13.312806       384.000000      0.061264        0.245585        1
49.606720       24.803360       467.000000      0.106022        0.531701        1
723.000000      532.000000      16810.000000    0.095615        0.132646        0
69.111053       11.714912       420.000000      0.558086        0.057750        1
104.675888      40.912056       2008.000000     0.190815        0.201271        1
750.210388      532.015198      21884.000000    0.338680        0.274849        0
715.817932      538.862244      15492.000000    0.097733        0.127087        0
61.015640       16.324869       414.000000      0.540409        0.091389        0
174.355820      50.906406       1672.000000     0.256901        0.264348        1
27.907812       19.721521       324.000000      0.073473        0.149216        0
57.007427       32.826900       508.000000      0.145779        0.438683        1
154.027847      69.578354       2305.000000     0.120721        0.487288        1
106.354675      44.164772       1402.000000     0.081813        0.411961        1
35.275909       27.860554       474.000000      0.050207        0.303799        0
37.774429       14.095428       308.000000      0.057149        0.400548        0
31.504824       14.139959       361.000000      0.066277        0.531857        0
717.635681      573.848022      16823.000000    0.089847        0.127918        0
34.197521       16.007351       421.000000      0.433096        0.030962        0
174.488098      75.256927       1965.000000     0.233360        0.240959        1
28.991375       21.920311       342.000000      0.072239        0.146561        0
91.993431       22.398594       557.000000      0.086297        0.262099        1
46.604393       31.475733       473.000000      0.093821        0.376765        1
179.958740      48.656837       1644.000000     0.071049        0.359802        1
32.536053       17.543951       347.000000      0.030851        0.187921        0
41.624474       14.791553       321.000000      0.067093        0.473588        0
57.460945       18.520067       405.000000      0.053277        0.432635        0
749.000000      577.000000      15601.000000    0.069209        0.096807        0
89.489639       9.860501        424.000000      0.233167        0.022985        1
34.988979       25.338217       370.000000      0.152692        0.165865        1
63.853909       17.000507       434.000000      0.084832        0.170772        1
52.795135       29.474209       386.000000      0.080733        0.243035        1
183.740845      48.607063       2006.000000     0.068556        0.281195        1
783.670227      560.579468      15739.000000    0.076640        0.109637        0
154.856384      136.471603      5621.000000     0.614603        0.117276        1
50.592087       13.548389       399.000000      0.185552        0.189234        1
34.384621       17.230772       346.000000      0.191598        0.388108        1
32.873360       17.964947       380.000000      0.068566        0.208322        1
87.112259       23.824549       882.000000      0.074280        0.304339        1
159.317795      26.103754       2205.000000     0.056349        0.288461        1
215.376450      44.747726       2755.000000     0.047597        0.291715        1
90.236763       40.432632       1110.000000     0.038686        0.274333        1
38.384422       18.281761       313.000000      0.038007        0.304540        1
36.062447       25.455845       392.000000      0.029761        0.268827        0
791.999878      583.999878      14617.000000    0.076991        0.168248        0
48.777573       33.374130       577.000000      0.731471        0.035344        0
60.141411       24.025160       426.000000      0.282523        0.285122        0
38.060436       16.583843       308.000000      0.189445        0.382765        0
772.087158      606.509155      14839.000000    0.048670        0.077910        0
36.324329       22.870874       372.000000      0.563441        0.029998        0
792.139709      588.980530      18892.000000    0.165685        0.266430        0
68.586105       37.780483       751.000000      0.535072        0.102065        0
35.800438       35.226974       444.000000      0.316017        0.319579        0
119.204651      37.766804       1133.000000     0.254543        0.516021        0
45.773735       37.109039       454.000000      0.156794        0.471220        0
55.108738       24.747656       593.000000      0.082877        0.333209        0
787.721985      592.647400      18974.000000    0.133209        0.198377        0
82.613281       34.136047       772.000000      0.693264        0.116076        0
53.343590       25.887331       405.000000      0.336819        0.340931        0
53.122967       14.331347       373.000000      0.213724        0.436049        0
63.610065       39.426743       837.000000      0.127450        0.392325        0
53.572987       39.510525       674.000000      0.089529        0.367499        0
46.846035       15.741023       372.000000      0.066551        0.333863        0
35.457176       27.018513       388.000000      0.088124        0.529268        0
813.855042      574.963684      16265.000000    0.071683        0.117607        0
815.041626      578.168762      16436.000000    0.072250        0.122926        0
803.000000      573.000000      14595.000000    0.082973        0.162083        0
807.828430      575.708618      17590.000000    0.105389        0.167183        0
774.660034      593.389893      21126.000000    0.211108        0.303055        0
50.534077       20.364151       315.000000      0.993340        0.014255        0
51.147354       43.283619       867.000000      0.223464        0.250599        0
54.562035       31.455952       686.000000      0.192807        0.393246        0
799.121094      591.804321      24586.000000    0.188656        0.292564        0
80.327332       14.566400       411.000000      0.994275        0.011987        0
37.164913       20.246559       392.000000      0.481898        0.484080        0
48.000000       18.000000       409.000000      0.143692        0.288322        0
38.835403       38.238857       421.000000      0.111033        0.333887        0
42.059036       25.177807       361.000000      0.099836        0.400520        0
36.000000       28.000000       763.000000      0.161002        0.806318        0
767.776611      588.312805      12009.000000    0.027460        0.034412        0
770.244141      591.768616      17581.000000    0.097023        0.144678        0
73.205254       19.507006       823.000000      0.739237        0.065444        0
41.526348       18.305994       330.000000      0.324516        0.327406        0
73.184265       24.420155       807.000000      0.174138        0.354311        0
42.000000       14.000000       386.000000      0.044613        0.155112        0
